RMSE_original: 3.8282795971586503
RMSE_delta_1: 3.024342620770543RMSE_original: 3.8282795971586503
RMSE_delta_1: 3.024342620770543