rmse: [4.3455554], MAPE: [6.12736206] - optimizer: SGD, batch_size: 8, learning_rate: 0.1
rmse: [4.34284275], MAPE: [6.00390606] - optimizer: SGD, batch_size: 8, learning_rate: 0.1
